((("-g" .
   [1 0])
  ("setw" .
   [1 0 0 0])
  ("/.ssh/cosmc_rsa" .
   [0 0 0 0 0 0 0 0 0 0 0 0 1 0 0])
  ("cosmc" .
   [2 0 0 0 0])
  ("com/github/azure-activedirectory-library-for-java" .
   [0 0 0 0 0 0 0 0 0 0 0 1 0 0 0 0 0 0 0 0 0 0 0 0 0 0 0 0 0 0 0 0 0 0 0 0 0 0 0 0 0 0 0 0 0 0 0 0 0])
  ("com/sindbad</developerConnection>" .
   [0 0 0 0 0 0 0 1 0 0 0 0 0 0 0 0 0 0 0 0 0 0 0 0 0 0 0 0 0 0 0 0 0])
  ("+" .
   [1])
  ("exec" .
   [1 0 0 0])
  ("DOCKER_CERT_PATH" .
   [0 0 0 0 0 0 0 0 0 0 0 1 0 0 0 0])
  ("-H" .
   [1 0])
  ("dse1jump" .
   [1 0 0 0 0 0 1 0])
  ("--module" .
   [1 0 0 0 0 0 0 0])
  ("Module" .
   [1 0 0 0 0 0])
  ("---------------------------------------" .
   [1 0 0 0 0 0 0 0 0 0 0 0 0 0 0 0 0 0 0 0 0 0 0 0 0 0 0 0 0 0 0 0 0 0 0 0 0 0 0])
  ("interactive" .
   [1 0 0 0 0 0 0 0 0 0 0])
  ("robe" .
   [1 0 0 0])
  ("robe-start" .
   [1 0 0 0 0 0 0 0 0 0])
  ("options" .
   [1 0 0 0 0 0 0])
  ("emacs" .
   [2 0 0 0 0])
  ("PATH:" .
   [1 0 0 0 0])
  ("require_relative" .
   [0 0 0 0 0 0 0 0 0 0 1 0 0 0 0 0])
  ("shell-script-mode" .
   [0 0 0 0 0 0 0 0 0 0 0 0 0 1 0 0 0])
  ("the" .
   [1 0 0])
  ("ruby" .
   [2 0 0 0])
  ("jmx" .
   [1 0 0])
  ("go-import-add" .
   [1 0 0 0 0 0 0 0 0 0 0 0 0])
  ("xflock4" .
   [0 0 0 0 0 1 0])
  ("$mod" .
   [1 0 0 0])
  ("docker" .
   [1 0 0 0 0 0])
  ("/" .
   [8])
  ("Set" .
   [2 0 0])
  ("Scale" .
   [1 0 0 0 0])
  ("VMSS1" .
   [1 0 0 0 0])))
